1 3
11 9
126 8
139 4
145 6
147 12
149 9
154 11
165 8
17 1
179 6
190 8
191 7
192 1
198 10
2 2
201 7
21 1
231 12
232 7
244 10
245 12
250 13
255 6
258 2
259 14
269 4
276 11
278 14
281 5
286 10
292 4
293 11
31 1
318 8
320 14
324 12
326 13
33 7
331 10
332 14
333 7
337 6
345 9
348 12
349 9
364 10
365 12
372 6
373 5
377 2
379 7
38 11
380 8
381 4
382 6
383 5
39 1
5 14
50 10
54 1
60 2
66 13
74 13
76 9
77 2
85 12
86 1
89 7
92 8
93 4
97 5
3 10
10 12
12 8
13 1
14 4
141 13
143 14
144 7
15 3
151 11
16 11
160 6
178 7
180 5
186 3
189 4
195 1
197 3
202 14
208 4
209 3
210 14
211 7
237 3
238 1
267 8
268 2
270 3
272 14
273 6
275 5
279 6
282 11
283 1
287 9
288 2
290 4
291 12
341 12
342 9
343 2
346 2
363 1
367 8
368 4
369 3
370 14
374 11
375 1
378 3
384 13
4 5
57 2
58 12
59 9
6 13
61 5
64 7
65 6
67 8
7 7
8 3
9 1
103 2
146 10
152 13
153 9
159 3
161 14
164 2
171 1
172 4
173 3
174 14
175 7
177 10
18 10
181 9
182 8
183 13
184 6
19 12
223 4
228 12
247 8
252 11
254 14
305 13
306 1
307 2
308 4
317 6
319 3
322 9
339 10
35 10
36 12
366 9
371 7
376 2
385 13
48 3
75 12
81 9
84 11
87 8
88 4
95 6
98 11
109 2
111 13
150 8
163 9
166 12
169 5
20 11
230 13
246 2
248 4
251 5
262 4
265 1
297 3
30 3
300 5
321 7
334 6
336 7
34 8
347 10
356 8
37 5
42 9
46 7
70 8
73 6
79 11
94 7
108 9
110 6
121 12
122 9
123 5
157 8
158 4
187 4
196 10
199 10
200 14
203 11
266 10
271 8
277 5
289 8
62 11
63 1
68 4
69 3
106 14
107 10
168 3
225 11
227 6
240 1
264 11
325 5
328 5
338 11
360 13
43 8
148 1
23 7
233 2
234 13
26 3
32 11
41 14
101 12
155 1
170 11
176 11
214 3
215 6
222 8
239 3
261 13
304 3
310 14
323 10
329 13
340 5
45 14
47 4
80 12
90 6
91 13
167 10
205 9
207 6
224 5
226 2
249 3
274 13
29 4
295 2
301 1
302 10
303 12
311 7
351 13
353 12
49 14
82 2
83 5
96 13
25 14
27 2
298 14
120 10
204 12
206 7
218 9
219 2
220 5
221 13
242 9
253 1
280 13
294 10
296 9
299 6
330 8
71 4
72 7
78 5
124 13
125 6
216 11
217 5
257 9
312 6
127 3
128 14
129 1
132 4
133 11
213 2
22 2
24 5
260 6
335 14
350 14
357 4
102 9
212 9
256 10
263 3
28 10
327 10
352 7
358 7
52 3
55 9
56 6
112 7
113 12
142 4
243 1
359 6
51 4
53 11
156 1
130 4
131 11
355 2
361 5
44 14
134 4
135 11
100 1
116 8
117 5
40 1
313 2
314 3
235 3
118 8
119 5
140 4
344 12
114 8
115 5
362 8
105 3
99 6
229 3
104 1
136 2
137 1
315 2
138 1
284 2
162 11
185 4
188 2
194 2
193 3
236 1
241 1
285 2
316 1
309 4
354 5
